12 [0,0] [0,468] [58,468] [58,521] [547,521] [547,487] [602,487] [602,-105] [238,-105] [238,-160] [110,-160] [110,0]//obvod
4 [110,-2.5] [262.5,-2.5] [262.5,0] [110,0] //1
4 [262.5,-2.5] [262.5,152.5] [265,152.5] [265,-2.5] //2
4 [265,152.5] [265,155] [110,155] [110,152.5]//3
4 [110,155] [110,310] [112.5,310] [112.5,155] //4
4 [602,338] [392,338] [392,335.5] [602,335.5] //5
4 [392,335.5] [394.5,335.5] [394.5,180.5] [392,180.5] //7
4 [394.5,180.5] [394.5,183] [449.5,183] [449.5,180.5] //8
4 [437,-105] [437,50] [434.5,50] [434.5,-105] //8
4 [268,330.5] [268,385.5] [265.5,385.5] [265.5,330.5] //9
4 [268,388] [268,385.5] [213,385.5] [213,388] //10
4 [213,385.5] [213,330.5] [215.5,330.5] [215.5,385.5] //11


